-0.081444901647124382,-0.107990649164448070,0.500619222957579440
-0.084760932440081191,-0.172410927795814270,0.500639191010474050
-0.062956768898377188,-0.188949499771104950,0.509633734609856730
-0.018150016827806387,-0.188984456611533490,0.496779622837146830
0.010391365323770668,-0.175473604311591760,0.501441384726324270
0.027345128462810630,-0.137717587452744340,0.493901207841359380
0.008280229603181291,-0.104178796028573510,0.501794971587240290
-0.018401918496164116,-0.093197051461124211,0.496783241471471520
-0.059284605383573212,-0.096197865713540318,0.509245875857654570
-0.084318474596214291,-0.119522249312746090,0.518626297142644410
-0.085887322654969067,-0.137682482391619980,0.525037013640374030
-0.086510532235288373,-0.160668128305158780,0.518627889681970820
-0.062140360006616276,-0.185062593383145600,0.529351767467304500
-0.029491102293626687,-0.192336488200767570,0.518294153892759900
-0.004911083571440512,-0.178203134546490950,0.539448417455004050
0.029240663564162050,-0.137819823737109630,0.519417217444940630
-0.004933648037378787,-0.103349726552977850,0.539173829145840110
-0.031960316793930438,-0.090288498241188384,0.518375039935711100
-0.058832909980102599,-0.101530996930639180,0.528769599155923590
-0.058472528275870260,-0.114691245719151900,0.543845619046735010
-0.069417206970029441,-0.137695895473127740,0.544873027328511620
-0.061014087806539337,-0.172299162587582410,0.544485336473695350
-0.025857630245496425,-0.185037795188846030,0.542717807583139590
0.018965064783854426,-0.157775315873971230,0.540026699471296890
0.020627229762617137,-0.137720050230152800,0.544345994172428350
0.017471854543532981,-0.123602930122059180,0.538196425992122140
-0.027954207963354114,-0.098770954524990739,0.542163996606920610
-0.024739440244921505,-0.117518021269860930,0.559935772490073420
-0.048365235813703257,-0.138075648669047340,0.559921381469548950
-0.023197361493747886,-0.168126367077408440,0.561918713409952470
0.002320262118635533,-0.137529087550967130,0.562115271614456850
-0.023225160131897477,-0.137733719381226670,0.565747771048406460
-0.095982961298859526,-0.137739037366056170,0.501010829410681420
