-0.026409806275163691,0.153334863839317850,0.096529994286687237
0.025979207930952136,0.153633564896725560,0.096659818247488691
-0.051594386985029300,0.139872388687777270,0.075013714784144508
-0.038110556236580731,0.176290803090313610,0.085141400924688068
-0.000103349141108598,0.191133953296528160,0.088490806236376576
0.038488722712734229,0.175950115033771090,0.084994867908743041
0.051789045789199038,0.140090394406135380,0.074625107774773561
-0.062029806677341405,0.160097533348545180,0.043220095107776212
-0.031215816383971074,0.203173879504403350,0.059555776624173856
0.031607012164993349,0.202980727639950480,0.059456175666696191
0.062029589347630566,0.160097325918254430,0.043221553650996801
-0.065854923000579546,0.144108251962586500,0.006312787876656838
-0.054729917828713004,0.194041905811713850,0.017313435610005833
0.000212429708607408,0.222066577992288100,0.011305652110154371
0.054760766796285387,0.194029830953053620,0.017081114759374755
0.065822115186253791,0.143911951038622420,0.006320103114188319
-0.063501832059142505,0.135829947208006700,-0.029090650723236133
-0.060625786505553288,0.179193019747091010,-0.034931978202929884
-0.030507540869202234,0.211593363464894190,-0.029746518062251908
0.030572702077595174,0.211499866744743160,-0.030013938594930557
0.060675527138416417,0.179259882514437720,-0.034649303567719593
0.063471497423738643,0.135355090608958590,-0.028862844436361838
-0.042003208085415494,0.172648434510955210,-0.067142259083472280
0.000065725221962809,0.191144164493782440,-0.070875011908201557
0.042004597032036302,0.172437927383788460,-0.067213978341947853
-0.045006868760657077,0.124123993877089870,-0.064043673508935361
-0.018652062385526597,0.154151771453964640,-0.083453692837333338
0.019009898201042281,0.154169718475608120,-0.083353120534286743
0.045009150362449686,0.124423494406938210,-0.064123653994515722
-0.022413939995583304,0.104699535440716350,-0.076293369008436224
0.022158685376946111,0.105097543903014330,-0.076646908276169226
0.000215859070528864,0.120717429810750840,-0.086494706009141262
-0.000282061545318568,0.142857402774039580,0.101207335853710390
